ngram match: 0.1807804463258241, weighted ngram match: 0.23934755329629998, syntax_match: 0.2795031055900621, dataflow_match: 0.22448979591836735
CodeBLEU score:  0.2310302252826384
BLEU: 18.27, EM: 10.0
precisions:  [0.875968992248062, 0.6470588235294118, 0.44036697247706424, 0.30303030303030304]
bp:  0.34830125444308524
ratio:  0.4866920152091255
translation_length:  128
reference_length:  263
